{"components": 
[{"scale": [0.032031893730163574, 0.04127751663327217, 0.056259963661432266], "rotation": [[-0.6928454637527466, -0.6333075761795044, 0.34479910135269165], [-0.6366838216781616, 0.31279823184013367, -0.7048338651657104], [0.33852410316467285, -0.7078690528869629, -0.6199376583099365]], "position": [-0.12374892830848694, 0.008401612751185894, 0.0737714096903801], "epsilon1": 0.8886167407035828, "epsilon2": 0.7642632722854614}, 
{"scale": [0.051707495003938675, 0.1158740445971489, 0.1196042150259018], "rotation": [[-0.22959987819194794, -0.9684374332427979, 0.09701812267303467], [-0.31510940194129944, -0.02034752070903778, -0.9488369822502136], [0.9208635091781616, -0.248424232006073, -0.30049198865890503]], "position": [-0.06585243344306946, 0.20434194803237915, 0.17331205308437347], "epsilon1": 0.8994948267936707, "epsilon2": 0.8999730348587036}, {"scale": [0.036251310259103775, 0.03394482284784317, 0.10650528967380524], "rotation": [[-0.1752091348171234, -0.9800478219985962, 0.09384950995445251], [0.3659123182296753, -0.15331780910491943, -0.9179332852363586], [0.9140074253082275, -0.1264895796775818, 0.385474294424057]], "position": [0.15423792600631714, -0.17241030931472778, 0.1275918185710907], "epsilon1": 0.8995400667190552, "epsilon2": 0.8586798906326294}, {"scale": [0.04586860537528992, 0.03852418065071106, 0.10692450404167175], "rotation": [[-0.0910252034664154, -0.9897914528846741, -0.10966965556144714], [0.3039092421531677, 0.07726356387138367, -0.9495628476142883], [0.9483425617218018, -0.11976379156112671, 0.2937738299369812]], "position": [-0.15687613189220428, -0.18420752882957458, 0.13008800148963928], "epsilon1": 0.8999255895614624, "epsilon2": 0.8874660730361938}, {"scale": [0.0414925292134285, 0.03587358444929123, 0.11867814511060715], "rotation": [[-0.1596585214138031, -0.9814653396606445, 0.10599392652511597], [-0.14265748858451843, -0.08330516517162323, -0.9862600564956665], [0.9768100380897522, -0.17258569598197937, -0.12671300768852234]], "position": [0.20708255469799042, -0.14238110184669495, -0.17739616334438324], "epsilon1": 0.899986743927002, "epsilon2": 0.8819987773895264}, {"scale": [0.04831676185131073, 0.04539012536406517, 0.03595598787069321], "rotation": [[0.21639840304851532, -0.9761171340942383, 0.019161880016326904], [0.013514727354049683, -0.016630113124847412, -0.9997703433036804], [0.9762116074562073, 0.21660763025283813, 0.00959324836730957]], "position": [0.004142080433666706, 0.01162666641175747, -0.028371628373861313], "epsilon1": 0.8080847263336182, "epsilon2": 0.8953412771224976}, {"scale": [0.02911200188100338, 0.04306015744805336, 0.05152178928256035], "rotation": [[0.23740768432617188, -0.9713364839553833, -0.011950910091400146], [-0.5972627401351929, -0.1362544298171997, -0.7903870344161987], [0.7661035060882568, 0.19478178024291992, -0.6124909520149231]], "position": [0.11329331248998642, 0.029936958104372025, 0.08108912408351898], "epsilon1": 0.8931543827056885, "epsilon2": 0.8209565877914429}, {"scale": [0.040082432329654694, 0.03304245322942734, 0.10975650697946548], "rotation": [[0.3833237886428833, -0.9186608791351318, -0.0955251157283783], [-0.09492263197898865, 0.0636935904622078, -0.9934449791908264], [0.9187233448028564, 0.3898785710334778, -0.06278646737337112]], "position": [-0.2098408341407776, -0.17117422819137573, -0.18367339670658112], "epsilon1": 0.8999941349029541, "epsilon2": 0.8991446495056152}, {"scale": [0.1620943546295166, 0.16899743676185608, 0.06389395147562027], "rotation": [[0.021135568618774414, -0.9997766017913818, -0.0004831552505493164], [-0.05756095051765442, -0.0007344037294387817, -0.9983417987823486], [0.9981183409690857, 0.021128296852111816, -0.05756363272666931]], "position": [-0.0010225865989923477, 0.061689265072345734, -0.07444129884243011], "epsilon1": 0.8999925851821899, "epsilon2": 0.8999985456466675}, {"scale": [0.05272786691784859, 0.042533937841653824, 0.06263183057308197], "rotation": [[-0.1115388572216034, -0.9937243461608887, 0.008419573307037354], [-0.0363999605178833, -0.004381418228149414, -0.9993276596069336], [0.9930931925773621, -0.11177027225494385, -0.035682857036590576]], "position": [-0.15986590087413788, 0.010019215755164623, -0.12259349972009659], "epsilon1": 0.8965069651603699, "epsilon2": 0.8678051233291626}, {"scale": [0.09997057914733887, 0.0397086925804615, 0.07680370658636093], "rotation": [[-0.006471961736679077, -0.9901978969573975, -0.13952168822288513], [0.2784630060195923, 0.13222113251686096, -0.9513022899627686], [0.9604251384735107, -0.04500839114189148, 0.27487772703170776]], "position": [0.22392573952674866, 0.1672760546207428, -0.03146343305706978], "epsilon1": 0.8550089001655579, "epsilon2": 0.8999472856521606}, {"scale": [0.11507582664489746, 0.046962033957242966, 0.07426656782627106], "rotation": [[0.0022549331188201904, -0.9939678311347961, 0.10964837670326233], [0.16358286142349243, -0.10780498385429382, -0.9806215763092041], [0.9865269660949707, 0.02014783024787903, 0.1623530089855194]], "position": [-0.2207082062959671, 0.18908509612083435, -0.007822336629033089], "epsilon1": 0.899419903755188, "epsilon2": 0.8999868035316467}, {"scale": [0.0396462008357048, 0.08348977565765381, 0.09846358746290207], "rotation": [[0.4428531229496002, -0.8924064040184021, -0.0865556001663208], [-0.3035838007926941, -0.058412328362464905, -0.9510124921798706], [0.843633770942688, 0.44743573665618896, -0.29678818583488464]], "position": [0.14194318652153015, 0.22908903658390045, 0.1463341861963272], "epsilon1": 0.8992764949798584, "epsilon2": 0.8994982242584229}]}